4.957938025334599708e+00 5.265502217122603135e+00 5.265502217140493713e+00 5.265502217329043333e+00 5.265502218966059189e+00 5.265502231062727745e+00 5.265502308768685857e+00 5.265502748821154100e+00 5.265504966909257512e+00 5.265514979147223329e+00 5.265555605055048716e+00 5.265703988984076211e+00 5.266191755871528990e+00 5.267631065900336473e+00 5.271430778638301007e+00 5.280332802271873405e+00 5.298750838165411814e+00 5.331425313151061829e+00 5.383072424861229166e+00 5.447289037967022907e+00 5.490244332129729621e+00 5.410242215888207973e+00
4.569513415185285865e+00 5.016813109207807209e+00 5.016813109223520861e+00 5.016813109388165159e+00 5.016813110810127263e+00 5.016813121267150954e+00 5.016813188142716484e+00 5.016813565294286015e+00 5.016815458932504690e+00 5.016823975054653495e+00 5.016858408809254932e+00 5.016983752749339942e+00 5.017394462420748269e+00 5.018602686550086567e+00 5.021783299919245991e+00 5.029213810630135839e+00 5.044550663141895264e+00 5.071677515095447397e+00 5.114631295778793607e+00 5.171281727098462788e+00 5.232403322791681965e+00 5.266700320587077933e+00
4.570935545630013586e+00 5.017375894605699216e+00 5.017375894622261079e+00 5.017375894794760427e+00 5.017375896276768721e+00 5.017375907123147627e+00 5.017375976182022690e+00 5.017376364036477909e+00 5.017378303840119180e+00 5.017386995332309141e+00 5.017422014450700907e+00 5.017549058773684401e+00 5.017964001300518007e+00 5.019180928437072531e+00 5.022375327390222743e+00 5.029816743323925365e+00 5.045139376401879261e+00 5.072158211849270515e+00 5.115025091653703448e+00 5.171600852905217316e+00 5.232694555977155382e+00 5.266961596064718698e+00
4.572352240676631929e+00 5.017936139211733426e+00 5.017936139229180803e+00 5.017936139409886920e+00 5.017936140954295965e+00 5.017936152203326117e+00 5.017936223509894766e+00 5.017936622334757679e+00 5.017938609253688398e+00 5.017947478923330706e+00 5.017983089926453033e+00 5.018111843973618313e+00 5.018531012985527617e+00 5.019756447458660453e+00 5.022963583247634922e+00 5.030411930377067797e+00 5.045710735017789439e+00 5.072606982954336097e+00 5.115403805648896629e+00 5.171908232402198102e+00 5.232980719072538811e+00 5.267221566691662638e+00
4.573763530232892727e+00 5.018493860193419920e+00 5.018493860211800772e+00 5.018493860401078699e+00 5.018493862010324769e+00 5.018493873675716088e+00 5.018493947296103208e+00 5.018494357364821745e+00 5.018496392365111802e+00 5.018505443047556192e+00 5.018541652441899537e+00 5.018672125157008779e+00 5.019095512227194966e+00 5.020329327667900188e+00 5.023548665484641518e+00 5.031002182263103251e+00 5.046273239432584212e+00 5.073038917538826631e+00 5.115766886572751915e+00 5.172203509456249293e+00 5.233261697782563004e+00 5.267480202915321819e+00
4.575169443988831297e+00 5.019049074563958435e+00 5.019049074583320724e+00 5.019049074781549713e+00 5.019049076458152570e+00 5.019049088554045746e+00 5.019049164556157017e+00 5.019049586148262243e+00 5.019051670212482996e+00 5.019060904771080800e+00 5.019097719045600314e+00 5.019229918952325953e+00 5.019657513496998291e+00 5.020899581599052475e+00 5.024130606948395972e+00 5.031587650065379336e+00 5.046827381687742253e+00 5.073454707597560009e+00 5.116113750894044188e+00 5.172486309410098571e+00 5.233537372283850964e+00 5.267737473950464100e+00
4.576570011418779949e+00 5.019601799183962321e+00 5.019601799204354897e+00 5.019601799411927523e+00 5.019601801158503740e+00 5.019601813699487991e+00 5.019601892153045419e+00 5.019602325554278544e+00 5.019604459681822561e+00 5.019613881008046619e+00 5.019651306630961152e+00 5.019785241809194609e+00 5.020217030982551343e+00 5.021467214195429740e+00 5.024709384476466312e+00 5.032168224383070765e+00 5.047372874133698062e+00 5.073853628787850845e+00 5.116443780677136566e+00 5.172756238024910580e+00 5.233807616947011354e+00 5.267993347716295460e+00
4.577965261783355722e+00 5.020152050763166507e+00 5.020152050784638220e+00 5.020152051001972815e+00 5.020152052821230448e+00 5.020152065822308884e+00 5.020152146798279702e+00 5.020152592293896099e+00 5.020154777448440520e+00 5.020164388141698630e+00 5.020202429975708647e+00 5.020338099483845795e+00 5.020774026905916010e+00 5.022032005128548526e+00 5.025284168634040149e+00 5.032741510783036887e+00 5.047904680729100590e+00 5.074228705950555529e+00 5.116755595688830205e+00 5.173012880355289056e+00 5.234072300042662995e+00 5.268247790769787109e+00
4.579355224131441027e+00 5.020699845862110600e+00 5.020699845884723622e+00 5.020699846112242071e+00 5.020699848006985100e+00 5.020699861482926352e+00 5.020699945041198653e+00 5.020700402784601835e+00 5.020702638884347202e+00 5.020712435161625464e+00 5.020751066499933302e+00 5.020888334662529928e+00 5.021327853627174598e+00 5.022591774463170289e+00 5.025848791955394468e+00 5.033293076190862081e+00 5.048396483780681621e+00 5.074546536749831027e+00 5.117034235217370330e+00 5.173255799552202383e+00 5.234331283430480930e+00 5.268500768235124809e+00
4.580739927302114545e+00 5.021245200893809546e+00 5.021245200917610951e+00 5.021245201155760896e+00 5.021245203128899881e+00 5.021245217095587243e+00 5.021245303309997077e+00 5.021245773590432115e+00 5.021248061575208865e+00 5.021258045791763713e+00 5.021297270192635054e+00 5.021436131875596232e+00 5.021879180662977227e+00 5.023148745698705397e+00 5.026409639710313293e+00 5.033838121978814861e+00 5.048876354320612769e+00 5.074842089254992139e+00 5.117293076327561252e+00 5.173484535588994682e+00 5.234584422230169842e+00 5.268752243728960671e+00
4.582119399926594561e+00 5.021788132125370119e+00 5.021788132150423856e+00 5.021788132399669813e+00 5.021788134454213015e+00 5.021788148928021833e+00 5.021788237874285521e+00 5.021788720986503307e+00 5.021791061805920720e+00 5.021801236301576488e+00 5.021841057099814876e+00 5.021981505845214855e+00 5.022428017351635354e+00 5.023702908338737672e+00 5.026966644455296951e+00 5.034376422057202483e+00 5.049343766218798102e+00 5.075114211320889801e+00 5.117531288697840353e+00 5.173698603905337201e+00 5.234831564473234167e+00 5.269002179281211617e+00
4.583493670430120126e+00 5.022328655679638487e+00 5.022328655706000511e+00 5.022328655966828315e+00 5.022328658105899457e+00 5.022328673103706898e+00 5.022328764859460115e+00 5.022329261103828379e+00 5.022331655717166221e+00 5.022342022199117295e+00 5.022382435514463062e+00 5.022524413706342727e+00 5.022974063347180440e+00 5.024252975567367052e+00 5.027515662158871024e+00 5.034897771809723643e+00 5.049780683767866485e+00 5.075343058191511325e+00 5.117747993449824229e+00 5.173897493963626637e+00 5.235072550734576780e+00 5.269250535251129186e+00
4.584862767033855313e+00 5.022866787536773181e+00 5.022866787564517210e+00 5.022866787837425129e+00 5.022866790064253628e+00 5.022866805603441342e+00 5.022866900248316391e+00 5.022867409930878324e+00 5.022869859307045992e+00 5.022880419793797735e+00 5.022921425425242781e+00 5.023064902419288380e+00 5.023517505549755846e+00 5.024799676525410597e+00 5.028059005411829929e+00 5.035407790446067899e+00 5.050196849191126880e+00 5.075538310821406718e+00 5.117942260096937979e+00 5.174080667712111392e+00 5.235307213742439458e+00 5.269497270238303166e+00
4.586226717756729521e+00 5.023402543535824272e+00 5.023402543565012479e+00 5.023402543850523649e+00 5.023402546168449057e+00 5.023402562266951143e+00 5.023402659882596488e+00 5.023403183315193310e+00 5.023405688432659666e+00 5.023416445096923866e+00 5.023458044633617448e+00 5.023603002989676547e+00 5.024058443893093084e+00 5.025343377191025418e+00 5.028597814220977291e+00 5.035905788551475304e+00 5.050585281675122218e+00 5.075704157234475211e+00 5.118113103293480570e+00 5.174247557948395304e+00 5.235535377965581105e+00 5.269742340988316620e+00
4.587585550417288438e+00 5.023935939376297455e+00 5.023935939407003559e+00 5.023935939705665099e+00 5.023935942118156639e+00 5.023935958794432999e+00 5.023936059464580772e+00 5.023936596905108409e+00 5.023939157946350598e+00 5.023950106186112485e+00 5.023992260152895462e+00 5.024138488971588323e+00 5.024595927863752642e+00 5.025880961772718258e+00 5.029123948392393295e+00 5.036371277263238966e+00 5.050908498575811478e+00 5.075817636195302462e+00 5.118259479371887188e+00 5.174397566577018992e+00 5.235756859176291300e+00 5.269985702292657059e+00
4.562604792625450933e+00 5.013984500859904436e+00 5.013984500869876904e+00 5.013984500987911375e+00 5.013984502088630002e+00 5.013984510615565604e+00 5.013984567098261458e+00 5.013984893514799701e+00 5.013986558314710962e+00 5.013994120625665296e+00 5.014024831905279811e+00 5.014136785736237556e+00 5.014502571627590832e+00 5.015575690414786791e+00 5.018378930754138878e+00 5.024938233292560064e+00 5.038223268954804546e+00 5.063205783299503437e+00 5.103783037633098374e+00 5.165483890518646426e+00 5.229884996597654379e+00 5.272016433478138531e+00
4.563993103163230813e+00 5.014536210847186481e+00 5.014536210857712284e+00 5.014536210981725972e+00 5.014536212133334558e+00 5.014536221019725737e+00 5.014536279656611306e+00 5.014536617241842187e+00 5.014538332024634393e+00 5.014546088735478691e+00 5.014577444320209132e+00 5.014691203640622597e+00 5.015060935568021350e+00 5.016140153188872297e+00 5.018940626808756633e+00 5.025464068433448617e+00 5.038561380838469717e+00 5.063513949160438621e+00 5.104122428662723365e+00 5.165975469552780197e+00 5.230315326070240189e+00 5.272336330046162090e+00
4.565376284358793058e+00 5.015085506348746947e+00 5.015085506359860723e+00 5.015085506490455813e+00 5.015085507701151357e+00 5.015085517030753337e+00 5.015085578492361584e+00 5.015085931672064845e+00 5.015087721011458832e+00 5.015095789521057057e+00 5.015128269302408626e+00 5.015245542033971660e+00 5.015624175952060781e+00 5.016721868955160701e+00 5.019543906923474630e+00 5.026076757547587981e+00 5.039054792697519325e+00 5.064218403687379855e+00 5.105055962410167680e+00 5.167141152916444824e+00 5.231259298445865902e+00 5.272821212327312601e+00
4.566754363522315785e+00 5.015632403179998811e+00 5.015632403191718325e+00 5.015632403328941002e+00 5.015632404597726079e+00 5.015632414353270896e+00 5.015632478461555799e+00 5.015632845878649881e+00 5.015634701340035306e+00 5.015643037988972708e+00 5.015676429857672147e+00 5.015796332788769796e+00 5.016180596705240191e+00 5.017286771289780845e+00 5.020105033175232379e+00 5.026600414706972941e+00 5.039396224977956251e+00 5.064774672879639894e+00 5.105821880714533023e+00 5.168156524297127241e+00 5.232122570907100645e+00 5.273310941655942941e+00
4.568127367771305458e+00 5.016176917018524861e+00 5.016176917030854554e+00 5.016176917174361982e+00 5.016176918498124415e+00 5.016176928673554691e+00 5.016176995689762386e+00 5.016177381202679975e+00 5.016179337089619494e+00 5.016188168151558990e+00 5.016223667390925733e+00 5.016351431135587013e+00 5.016760314274127275e+00 5.017933047954699965e+00 5.020888270152846111e+00 5.027635706220025646e+00 5.040697487914222563e+00 5.066990165899583509e+00 5.108802179122606368e+00 5.171511919121476453e+00 5.234691449914675054e+00 5.274449396107849353e+00
